# Lite Voice Terminal speaker configuration

[Speaker]
Name="Александр"
email = "ae@aeinc.ru"
IsAdmin = 1

#signature="[-0.800343, -0.079754, 0.907916, -0.911662, -0.01827, -0.168988, -1.310563, 0.217542, 1.001637, -0.22366, 0.760771, -0.179475, -1.05431, -1.039141, 0.192834, 2.277963, -0.594372, -0.916277, 0.67152, -0.769247, -0.70349, 1.338736, 1.204222, -0.568933, 0.603721, -0.434536, 0.190351, -0.019267, 0.62543, 1.357455, 0.516207, 0.712414, -0.381085, 0.427275, 0.267805, -0.484057, 0.747862, 0.410925, -1.289279, 1.676354, 0.535761, 2.015226, 0.057726, -0.492759, -0.992763, 1.355041, -0.904212, -0.606851, 1.077859, 0.01794, 0.904881, -1.251879, -1.442968, -0.018171, -1.258005, -0.58755, 0.504154, -1.667491, 0.815391, -1.765759, 0.729279, 1.036985, 0.467473, -0.931371, 0.238916, -2.312919, -1.305942, -0.612098, 0.206966, 1.832786, 0.679575, -0.247768, 0.567782, 0.464405, 0.685292, 1.079421, -1.54797, -1.018179, 0.198541, -0.939351, -0.718197, -1.957607, 0.286658, -1.268528, 0.323914, 1.565329, -0.084974, 0.018533, 2.313831, -0.204035, -1.53383, -1.648837, -0.457461, -0.439878, 2.081445, 0.687917, 0.30277, -1.25863, -1.339996, 0.684349, -0.034564, 0.571533, -0.452907, -1.309047, -0.086544, -0.343441, 1.597392, 0.794652, -0.035544, -0.160157, -0.271667, -1.26356, 1.064623, 0.052934, 1.850854, -0.987842, -1.642487, 0.236515, 0.483037, -0.373637, -0.285813, 0.39387, 2.170987, -0.300359, -1.94123, 1.014977, 0.581055, 1.082886]"
signature="[-1.008962, -0.445003, 0.400586, -1.023125, -0.724884, -0.383303, -0.732014, -0.308557, 0.80802, 0.244992, 1.672925, -0.236308, -0.595022, 0.235356, -0.981358, 1.167944, -0.3895, -0.004272, 1.460577, 0.046667, 0.800863, 1.43244, 1.227928, -0.240136, 0.159037, 0.568397, -0.621435, -1.105436, -0.306403, 1.253715, 0.260624, 1.187256, -1.34988, 0.011528, 0.684383, -0.470796, 0.604787, 0.46327, -0.848433, -0.490423, -0.901074, 0.774424, 0.461249, -0.070131, 0.219508, 0.229967, -2.064849, -0.741245, 0.960041, -0.229172, 1.452855, -0.140248, -0.926639, -0.479986, -1.694853, -0.943777, 2.760007, 1.002586, 1.231894, -1.026433, 0.077114, 0.877333, 0.54129, -0.844299, 0.878997, -3.736311, -1.464625, 0.436213, -0.715822, 1.420443, -1.172262, -0.098427, -0.818311, 1.998259, -0.447249, 0.786959, 0.087507, -1.542112, 1.294149, -0.349971, 0.477514, -0.882183, -1.433442, -0.243659, 1.002106, 1.282057, 0.150172, -0.790886, 0.38405, -1.229958, -1.483813, -0.887453, -0.389306, -1.010203, 0.237772, 1.048505, 0.256817, -0.717148, 1.103942, 0.495066, 0.261241, -0.220416, -0.020134, -1.639538, -0.918709, 0.761567, 0.975233, -1.930745, 0.409851, -0.465592, -0.645895, -0.31236, 0.336612, 0.003966, 2.022655, -1.806965, 0.540679, -0.424607, 0.241979, -0.96671, -0.067352, 1.01033, 1.709702, 0.516598, -0.824465, 1.879347, 0.74803, 0.990061]"


[Speaker]
Name="Игорь"
email = ""
IsAdmin = 0
signature="[-0.861831, 1.85552, 1.662744, -0.581235, 0.290252, 0.470495, -1.126257, 0.590471, 0.717045, -0.067288, 0.191296, 0.764006, -0.133787, 0.282206, 1.813118, 1.299067, -1.353774, -0.017914, 0.544749, 0.104354, -0.581159, 0.684502, 1.252601, -0.912686, -0.764258, -0.163843, -0.267143, -0.057635, 1.311686, 1.419402, -0.055056, -0.793287, -0.610063, 0.174019, 0.125888, -0.117305, 1.761883, 0.68072, -0.504112, 0.173251, 0.194751, 1.505754, 1.175752, -0.039501, -1.490565, 1.385145, -0.464028, -0.939436, -1.070938, 0.762116, 0.287084, -0.758575, -1.866626, -0.5484, -1.279732, -1.490521, 1.332019, -0.428463, -0.769909, -0.167752, 0.620842, 0.277003, -0.029238, -0.322942, -0.034784, -0.282213, -1.351344, -1.715719, -1.235525, 1.318298, 0.830488, -0.51997, 0.178273, 2.12434, -1.605307, 0.347633, 0.396227, -0.985613, 0.41203, 1.453238, -1.433959, 0.145165, 1.296306, -0.037567, -1.416539, 1.091714, 0.44669, 0.876709, -0.740578, 0.362517, -1.790613, 0.097436, -1.077134, 0.382354, 1.136961, 0.875712, 1.064404, -0.816676, -0.946098, 0.20928, 0.54813, -0.360859, 0.669259, -0.865911, 0.062056, -1.472755, 0.224243, -3.140849, -0.89689, 1.714668, -0.981677, 0.024761, 1.00689, -1.73504, 1.060063, -0.184752, -0.129577, 0.557364, 0.948286, 0.743488, 1.558449, -0.44838, -0.888035, 1.191057, -1.391123, 1.305487, 1.207645, 1.67703]"


[Speaker]
Name="Левка"
email = ""
IsAdmin = 0
signature="[-0.63643, 0.330094, 0.696901, -0.523016, 0.194474, -0.010516, -0.41344, -0.71338, 1.416635, 0.465642, 1.470361, -0.106845, -0.01365, 0.575219, -0.033234, 2.636947, 0.384467, 0.835753, -0.456227, -0.326232, 0.531177, 1.856417, 1.733072, 0.685031, 0.775119, -0.75586, -0.980658, -0.050396, 0.421138, 0.059394, 0.616326, -1.198904, -1.075381, 0.40986, 0.769462, 0.259886, 0.517076, 1.490868, -0.949, 0.019589, 0.730833, 0.268567, 1.222944, 1.658191, -0.205808, -0.724019, -0.282664, 0.975093, 1.227318, 0.574695, 1.343778, -0.337282, -1.385076, -0.363571, -1.880825, 0.877162, 1.091398, 0.696418, 0.049022, 0.173345, -0.756907, 1.121972, 1.905608, -1.325368, 0.781734, -2.254993, -2.106213, 0.281938, 0.68658, 0.67298, -1.237336, -0.469622, -0.812566, 2.2062, -1.261916, -0.074592, -1.23685, -0.847621, -0.684169, 0.259668, -1.847546, 0.513287, -0.808706, -0.580848, 0.826195, 2.000771, -0.656718, 0.50621, -1.38968, -0.205982, 1.543691, -1.096029, -0.790462, -1.808758, -0.852207, 0.751585, 0.37592, -0.811689, 1.431581, 1.589245, -0.185064, 0.427773, 0.608879, -1.135122, -0.118055, -1.388471, -0.159141, 0.819066, 0.22479, 2.404526, 1.17033, 1.154651, 1.364689, 0.050884, 1.273516, -0.022904, -0.015097, -0.184477, 0.356068, 0.02358, -0.063051, -0.754583, 0.729115, -0.063078, -0.667499, 0.763819, 0.620109, 1.668487]"


[Speaker]
Name="Pavel"
email = ""
IsAdmin = 0
signature="[-0.86956, 1.333068, 0.524984, -0.998484, -0.450165, -0.427613, -0.297305, 0.69561, 0.354232, 0.796433, 0.948026, -0.516362, -0.41482, -0.775541, 0.778848, 0.742042, -0.041846, 1.2537, 1.894339, -1.235215, -0.709231, -0.287037, 1.814558, -0.747607, -1.204734, -0.951545, 0.318275, -0.598005, -0.647227, 1.576805, 0.517805, -0.917769, -1.455408, 0.348965, -0.116318, 0.308011, 1.1846, -0.260615, 0.936949, -1.094367, -1.481423, 0.110561, 0.330982, -0.083439, 0.211183, 0.100171, 0.537899, -0.743763, -2.393555, 0.691831, 1.211002, -0.26766, -0.944761, 0.167424, -1.056197, -0.077786, 0.824768, 1.549203, -0.671658, -1.458252, 1.295957, 1.141856, -2.108207, -0.461393, 0.545596, 0.414937, -1.431624, -1.259546, -0.945938, -1.097717, 0.156157, -0.993771, 0.213714, 0.963724, -0.232162, -1.109249, 0.704209, -0.917687, -0.023001, 0.142972, 0.089477, 0.311326, 2.078013, -1.387072, -0.809367, 1.938371, 0.422923, 1.693129, -1.802531, 1.718996, -0.752883, 0.767992, -0.975741, 0.743977, 0.740547, 0.456126, -0.097474, -2.004479, 0.404031, -0.610034, 1.655974, -0.342546, 0.998434, 1.377404, -0.735278, 0.137419, -1.06446, -1.64225, 0.712402, -0.569612, -0.017666, -0.443842, 1.680396, 0.423575, -1.303073, -1.940924, -0.128235, -0.214785, 1.967004, 1.511045, -0.905687, 0.577309, -0.498273, 0.87099, -0.408216, 1.082976, -0.713389, 0.728992]"



